POLYID,DRAWORD,POINT_X,POINT_Y
1, 1, 475160.933795, 4978508.48397
1, 2, 475140.506118, 4978325.65748
1, 3, 475126.208489, 4978326.67965
1, 4, 475112.932606, 4978327.70012
1, 5, 475103.7403, 4978325.65748
1, 6, 475093.527526, 4978322.59352
1, 7, 475083.314751, 4978317.48734
1, 8, 475075.144617, 4978307.27244
1, 9, 475034.291391, 4978320.5513
1, 10, 475017.950697, 4978325.65748
1, 11, 474985.269734, 4978378.76909
1, 12, 474957.694519, 4978397.15413
1, 13, 474930.121007, 4978401.24026
1, 14, 474901.52277, 4978390.00532
1, 15, 474878.034538, 4978374.68424
1, 16, 474854.544178, 4978350.17043
1, 17, 474836.161269, 4978315.44385
1, 18, 474819.820575, 4978272.54586
1, 19, 474812.670909, 4978261.31091
1, 20, 474811.65044, 4978268.46058
1, 21, 474809.6078, 4978276.63199
1, 22, 474813.69308, 4978291.95221
1, 23, 474825.948495, 4978314.42253
1, 24, 474842.288764, 4978345.06383
1, 25, 474861.692141, 4978366.51283
1, 26, 474888.247312, 4978387.96183
1, 27, 474917.863465, 4978409.41082
1, 28, 474962.80197, 4978472.73607
1, 29, 474970.972105, 4978515.63406
1, 30, 474960.75933, 4978559.55295
1, 31, 474949.523959, 4978576.91709
1, 32, 474931.14105, 4978591.216
1, 33, 474920.928276, 4978613.68716
1, 34, 474911.73597, 4978627.98607
1, 35, 475168.081758, 4978627.98607
2, 37, 474555.304227, 4978627.98607
2, 38, 474558.367336, 4978625.94258
2, 39, 474568.58011, 4978621.8573
2, 40, 474578.792885, 4978617.77202
2, 41, 474578.792885, 4978612.66499
2, 42, 474570.622325, 4978603.47226
2, 43, 474565.517001, 4978595.30213
2, 44, 474538.963958, 4978574.87445
2, 45, 474525.686372, 4978571.80964
2, 46, 474513.430958, 4978574.87445
2, 47, 474480.749995, 4978585.08808
2, 48, 474448.066903, 4978594.27953
2, 49, 474432.748806, 4978602.45222
2, 50, 474412.322406, 4978604.49443
2, 51, 474377.597951, 4978604.49443
2, 52, 474356.151082, 4978606.53707
2, 53, 474341.853028, 4978610.62235
2, 54, 474308.149893, 4978612.66499
2, 55, 474273.42629, 4978603.47226
2, 56, 474249.93593, 4978583.04458
2, 57, 474238.701836, 4978563.63908
2, 58, 474229.510381, 4978541.16919
2, 59, 474225.425101, 4978511.54878
2, 60, 474233.595661, 4978475.80088
2, 61, 474241.765796, 4978448.22354
2, 62, 474262.191345, 4978425.75322
2, 63, 474307.128573, 4978406.34686
2, 64, 474358.193297, 4978378.76909
2, 65, 474405.173166, 4978387.96183
2, 66, 474447.04686, 4978402.26073
2, 67, 474466.450238, 4978401.24026
2, 68, 474479.727823, 4978399.19677
2, 69, 474485.855318, 4978393.06928
2, 70, 474486.877489, 4978386.94051
2, 71, 474483.812678, 4978378.76909
2, 72, 474471.557689, 4978373.66292
2, 73, 474457.259635, 4978366.51283
2, 74, 474429.683995, 4978351.1926
2, 75, 474379.640166, 4978323.61484
2, 76, 474359.214617, 4978304.20848
2, 77, 474350.023162, 4978290.93089
2, 78, 474350.023162, 4978273.56718
2, 79, 474355.129762, 4978248.0329
2, 80, 474361.257257, 4978219.43424
2, 81, 474359.214617, 4978177.55756
2, 82, 474352.065802, 4978157.13116
2, 83, 474344.916988, 4978147.93843
2, 84, 474338.789068, 4978143.8523
2, 85, 474328.576293, 4978144.87362
2, 86, 474317.341348, 4978152.02371
2, 87, 474292.830519, 4978162.23734
2, 88, 474275.46893, 4978163.25866
2, 89, 474259.127385, 4978156.10857
2, 90, 474243.808436, 4978140.78834
2, 91, 474227.467741, 4978119.33935
2, 92, 474218.276287, 4978094.82554
2, 93, 474219.297607, 4978072.35565
2, 94, 474224.403781, 4978060.09896
2, 95, 474235.637876, 4978042.73652
2, 96, 474252.99989, 4978020.26492
2, 97, 474272.40497, 4978008.00993
2, 98, 474310.192533, 4977992.68843
2, 99, 474350.023162, 4977968.17462
2, 100, 474368.406071, 4977944.68426
2, 101, 474390.875537, 4977914.04169
2, 102, 474413.343726, 4977898.72146
2, 103, 474439.896769, 4977882.37906
2, 104, 474461.344489, 4977875.23025
2, 105, 474499.132903, 4977865.0162
2, 106, 474550.196776, 4977855.82389
2, 107, 474597.177921, 4977848.6738
2, 108, 474640.071659, 4977847.65248
2, 109, 474683.987568, 4977851.73861
2, 110, 474727.903477, 4977872.16629
2, 111, 474742.201531, 4977886.46519
2, 112, 474756.49916, 4977907.91419
2, 113, 474758.5418, 4977930.38451
2, 114, 474752.414306, 4977951.83308
2, 115, 474739.13672, 4977972.26076
2, 116, 474724.838666, 4977989.6249
2, 117, 474714.625891, 4978005.96602
2, 118, 474713.605848, 4978022.30884
2, 119, 474716.668531, 4978038.65039
2, 120, 474740.158891, 4978076.44178
2, 121, 474750.371666, 4978094.82554
2, 122, 474758.5418, 4978121.38199
2, 123, 474758.5418, 4978139.76702
2, 124, 474753.436477, 4978165.3013
2, 125, 474761.606611, 4978208.19887
2, 126, 474773.862026, 4978252.11903
2, 127, 474782.03216, 4978256.20431
2, 128, 474796.330215, 4978259.26827
2, 129, 474809.6078, 4978257.22563
2, 130, 474803.478178, 4978248.0329
2, 131, 474795.308044, 4978219.43424
2, 132, 474785.095269, 4978175.51492
2, 133, 474764.66972, 4978070.31301
2, 134, 474762.62708, 4978001.88116
2, 135, 474784.0748, 4977940.59813
2, 136, 474783.052629, 4977890.55047
2, 137, 474766.71236, 4977855.82389
2, 138, 474737.09408, 4977834.3749
2, 139, 474677.860074, 4977812.9259
2, 140, 474623.730965, 4977822.1182
2, 141, 474577.772416, 4977830.28876
2, 142, 474493.005409, 4977845.60984
2, 143, 474455.216995, 4977852.75993
2, 144, 474428.663951, 4977859.90875
2, 145, 474420.493391, 4977862.97356
2, 146, 474411.301086, 4977868.08016
2, 147, 474400.066991, 4977874.20893
2, 148, 474376.576631, 4977894.63661
2, 149, 474367.385177, 4977905.87155
2, 150, 474353.087122, 4977922.2131
2, 151, 474336.746853, 4977942.64077
2, 152, 474321.426628, 4977954.89704
2, 153, 474309.171213, 4977963.06845
2, 154, 474296.915799, 4977972.26076
2, 155, 474272.40497, 4977982.47481
2, 156, 474251.97857, 4977993.70975
2, 157, 474233.595661, 4978008.00993
2, 158, 474211.127472, 4978033.54379
2, 159, 474199.892101, 4978050.9075
2, 160, 474195.807247, 4978061.12028
2, 161, 474187.636687, 4978082.57055
2, 162, 474184.573152, 4978097.89078
2, 163, 474183.551832, 4978115.25322
2, 164, 474185.594472, 4978144.87362
2, 165, 474190.700647, 4978170.40875
2, 166, 474198.870781, 4978189.81383
2, 167, 474212.148792, 4978232.71182
2, 168, 474216.233647, 4978266.41836
2, 169, 474224.403781, 4978321.5722
2, 170, 474225.425101, 4978363.44887
2, 171, 474225.425101, 4978394.0906
2, 172, 474218.276287, 4978440.05212
2, 173, 474206.020021, 4978487.03625
2, 174, 474201.934741, 4978518.69887
2, 175, 474203.977381, 4978543.21183
2, 176, 474212.148792, 4978568.74568
2, 177, 474221.340247, 4978583.04458
2, 178, 474228.489061, 4978591.216
2, 179, 474234.616556, 4978597.34477
2, 180, 474244.82933, 4978606.53707
2, 181, 474263.212665, 4978615.7298
2, 182, 474280.575105, 4978624.92211
2, 183, 474289.766985, 4978627.98607
2, 184, 474555.304227, 4978627.98607
3, 186, 474911.73597, 4978627.98607
3, 187, 474920.928276, 4978613.68716
3, 188, 474931.14105, 4978591.216
3, 189, 474949.523959, 4978576.91709
3, 190, 474960.75933, 4978559.55295
3, 191, 474970.972105, 4978515.63406
3, 192, 474962.80197, 4978472.73607
3, 193, 474917.863465, 4978409.41082
3, 194, 474888.247312, 4978387.96183
3, 195, 474861.692141, 4978366.51283
3, 196, 474842.288764, 4978345.06383
3, 197, 474825.948495, 4978314.42253
3, 198, 474813.69308, 4978291.95221
3, 199, 474809.6078, 4978276.63199
3, 200, 474811.65044, 4978268.46058
3, 201, 474812.670909, 4978261.31091
3, 202, 474809.6078, 4978257.22563
3, 203, 474796.330215, 4978259.26827
3, 204, 474782.03216, 4978256.20431
3, 205, 474773.862026, 4978252.11903
3, 206, 474761.606611, 4978208.19887
3, 207, 474753.436477, 4978165.3013
3, 208, 474758.5418, 4978139.76702
3, 209, 474758.5418, 4978121.38199
3, 210, 474750.371666, 4978094.82554
3, 211, 474740.158891, 4978076.44178
3, 212, 474716.668531, 4978038.65039
3, 213, 474713.605848, 4978022.30884
3, 214, 474714.625891, 4978005.96602
3, 215, 474724.838666, 4977989.6249
3, 216, 474739.13672, 4977972.26076
3, 217, 474752.414306, 4977951.83308
3, 218, 474758.5418, 4977930.38451
3, 219, 474756.49916, 4977907.91419
3, 220, 474742.201531, 4977886.46519
3, 221, 474727.903477, 4977872.16629
3, 222, 474683.987568, 4977851.73861
3, 223, 474640.071659, 4977847.65248
3, 224, 474597.177921, 4977848.6738
3, 225, 474550.196776, 4977855.82389
3, 226, 474499.132903, 4977865.0162
3, 227, 474461.344489, 4977875.23025
3, 228, 474439.896769, 4977882.37906
3, 229, 474413.343726, 4977898.72146
3, 230, 474390.875537, 4977914.04169
3, 231, 474368.406071, 4977944.68426
3, 232, 474350.023162, 4977968.17462
3, 233, 474310.192533, 4977992.68843
3, 234, 474272.40497, 4978008.00993
3, 235, 474252.99989, 4978020.26492
3, 236, 474235.637876, 4978042.73652
3, 237, 474224.403781, 4978060.09896
3, 238, 474219.297607, 4978072.35565
3, 239, 474218.276287, 4978094.82554
3, 240, 474227.467741, 4978119.33935
3, 241, 474243.808436, 4978140.78834
3, 242, 474259.127385, 4978156.10857
3, 243, 474275.46893, 4978163.25866
3, 244, 474292.830519, 4978162.23734
3, 245, 474317.341348, 4978152.02371
3, 246, 474328.576293, 4978144.87362
3, 247, 474338.789068, 4978143.8523
3, 248, 474344.916988, 4978147.93843
3, 249, 474352.065802, 4978157.13116
3, 250, 474359.214617, 4978177.55756
3, 251, 474361.257257, 4978219.43424
3, 252, 474355.129762, 4978248.0329
3, 253, 474350.023162, 4978273.56718
3, 254, 474350.023162, 4978290.93089
3, 255, 474359.214617, 4978304.20848
3, 256, 474379.640166, 4978323.61484
3, 257, 474429.683995, 4978351.1926
3, 258, 474457.259635, 4978366.51283
3, 259, 474471.557689, 4978373.66292
3, 260, 474483.812678, 4978378.76909
3, 261, 474486.877489, 4978386.94051
3, 262, 474485.855318, 4978393.06928
3, 263, 474479.727823, 4978399.19677
3, 264, 474466.450238, 4978401.24026
3, 265, 474447.04686, 4978402.26073
3, 266, 474405.173166, 4978387.96183
3, 267, 474358.193297, 4978378.76909
3, 268, 474307.128573, 4978406.34686
3, 269, 474262.191345, 4978425.75322
3, 270, 474241.765796, 4978448.22354
3, 271, 474233.595661, 4978475.80088
3, 272, 474225.425101, 4978511.54878
3, 273, 474229.510381, 4978541.16919
3, 274, 474238.701836, 4978563.63908
3, 275, 474249.93593, 4978583.04458
3, 276, 474273.42629, 4978603.47226
3, 277, 474308.149893, 4978612.66499
3, 278, 474341.853028, 4978610.62235
3, 279, 474356.151082, 4978606.53707
3, 280, 474377.597951, 4978604.49443
3, 281, 474412.322406, 4978604.49443
3, 282, 474432.748806, 4978602.45222
3, 283, 474448.066903, 4978594.27953
3, 284, 474480.749995, 4978585.08808
3, 285, 474513.430958, 4978574.87445
3, 286, 474525.686372, 4978571.80964
3, 287, 474538.963958, 4978574.87445
3, 288, 474565.517001, 4978595.30213
3, 289, 474570.622325, 4978603.47226
3, 290, 474578.792885, 4978612.66499
3, 291, 474578.792885, 4978617.77202
3, 292, 474568.58011, 4978621.8573
3, 293, 474558.367336, 4978625.94258
3, 294, 474555.304227, 4978627.98607
3, 295, 474911.73597, 4978627.98607
4, 297, 476230.230302, 4978627.98607
4, 298, 476231.252473, 4978625.94258
4, 299, 476233.295113, 4978610.62235
4, 300, 476231.252473, 4978592.23732
4, 301, 476227.167193, 4978577.93841
4, 302, 476218.997058, 4978561.59686
4, 303, 476181.208644, 4978499.29251
4, 304, 476126.059917, 4978414.51827
4, 305, 476081.121412, 4978332.80757
4, 306, 476063.758546, 4978292.97353
4, 307, 476058.653223, 4978274.58935
4, 308, 476051.503132, 4978226.58433
4, 309, 476050.483088, 4978205.13533
4, 310, 476052.525728, 4978186.7503
4, 311, 476055.588412, 4978175.51492
4, 312, 476059.673692, 4978166.32262
4, 313, 476064.781143, 4978158.15121
4, 314, 476069.888168, 4978151.00239
4, 315, 476081.121412, 4978139.76702
4, 316, 476101.546961, 4978128.53208
4, 317, 476152.612961, 4978109.12572
4, 318, 476184.273455, 4978092.78332
4, 319, 476199.591978, 4978080.52663
4, 320, 476212.869564, 4978068.27037
4, 321, 476223.082338, 4978043.75784
4, 322, 476230.230302, 4978021.28752
4, 323, 476232.274644, 4978004.9447
4, 324, 476231.252473, 4977987.58226
4, 325, 476227.167193, 4977969.19722
4, 326, 476206.741644, 4977918.12782
4, 327, 476184.273455, 4977883.40123
4, 328, 476174.060681, 4977859.90875
4, 329, 476143.42023, 4977770.02791
4, 330, 476140.357546, 4977762.87781
4, 331, 476118.909826, 4977736.32264
4, 332, 476059.673692, 4977670.95476
4, 333, 476005.544583, 4977614.77918
4, 334, 475992.269125, 4977603.54423
4, 335, 475973.886216, 4977589.24405
4, 336, 475956.523351, 4977579.03128
4, 337, 475942.225296, 4977570.85902
4, 338, 475925.885027, 4977564.7311
4, 339, 475909.544333, 4977558.60147
4, 340, 475892.181893, 4977557.58143
4, 341, 475907.502118, 4977551.45351
4, 342, 475923.842387, 4977540.21856
4, 343, 475933.032991, 4977525.91838
4, 344, 475937.117845, 4977508.55594
4, 345, 475938.140442, 4977498.34104
4, 346, 475938.140442, 4977492.21312
4, 347, 475935.075631, 4977469.74323
4, 348, 475939.160485, 4977462.59314
4, 349, 475935.075631, 4977448.29296
4, 350, 475933.032991, 4977444.2081
4, 351, 475927.927667, 4977427.86528
4, 352, 475935.075631, 4977424.8026
4, 353, 475939.160485, 4977419.69514
4, 354, 475941.203125, 4977416.63033
4, 355, 475942.225296, 4977359.43471
4, 356, 475940.183082, 4977296.10904
4, 357, 475942.225296, 4977263.42382
4, 358, 475927.927667, 4977265.46646
4, 359, 475903.416838, 4977273.63872
4, 360, 475867.671064, 4977298.15168
4, 361, 475828.860478, 4977325.72945
4, 362, 475788.009381, 4977351.26245
4, 363, 475764.519021, 4977366.58438
4, 364, 475778.818777, 4977390.07516
4, 365, 475782.904057, 4977396.20266
4, 366, 475786.988912, 4977398.24742
4, 367, 475792.094235, 4977398.24742
4, 368, 475801.286966, 4977399.26747
4, 369, 475821.712515, 4977399.26747
4, 370, 475841.118021, 4977401.31011
4, 371, 475853.373009, 4977404.37492
4, 372, 475862.563613, 4977411.52501
4, 373, 475868.691533, 4977421.73778
4, 374, 475873.798558, 4977433.99533
4, 375, 475871.756344, 4977447.27291
4, 376, 475866.648893, 4977453.40041
4, 377, 475859.500929, 4977459.52833
4, 378, 475852.350838, 4977464.63578
4, 379, 475850.308198, 4977470.76327
4, 380, 475850.308198, 4977476.89289
4, 381, 475853.373009, 4977481.99822
4, 382, 475855.415649, 4977489.14831
4, 383, 475856.436118, 4977498.34104
4, 384, 475859.500929, 4977559.62407
4, 385, 475847.245515, 4977562.68888
4, 386, 475837.032741, 4977477.91336
4, 387, 475832.947461, 4977471.78544
4, 388, 475822.732558, 4977467.70059
4, 389, 475797.201686, 4977467.70059
4, 390, 475769.626472, 4977470.76327
4, 391, 475746.135686, 4977476.89289
4, 392, 475725.710137, 4977481.99822
4, 393, 475703.241948, 4977484.04299
4, 394, 475683.836868, 4977478.93553
4, 395, 475669.538814, 4977474.85068
4, 396, 475666.47613, 4977471.78544
4, 397, 475665.453959, 4977465.65795
4, 398, 475672.603625, 4977460.5505
4, 399, 475684.859039, 4977452.38036
4, 400, 475709.369868, 4977445.23027
4, 401, 475737.965552, 4977430.93052
4, 402, 475757.371057, 4977422.75996
4, 403, 475765.541192, 4977415.61029
4, 404, 475768.603875, 4977410.50284
4, 405, 475769.626472, 4977400.28794
4, 406, 475767.583832, 4977392.11738
4, 407, 475756.348461, 4977371.69013
4, 408, 475734.902868, 4977384.96771
4, 409, 475591.91977, 4977469.74323
4, 410, 475563.324087, 4977484.04299
4, 411, 475524.515204, 4977494.25576
4, 412, 475501.024844, 4977496.2984
4, 413, 475483.661978, 4977497.32057
4, 414, 475457.108935, 4977495.27623
4, 415, 475429.533295, 4977491.19095
4, 416, 475413.193026, 4977486.08563
4, 417, 475400.937612, 4977480.97817
4, 418, 475369.276692, 4977468.72063
4, 419, 475316.170179, 4977444.2081
4, 420, 475310.042685, 4977466.67799
4, 421, 475312.085325, 4977537.15375
4, 422, 475315.148008, 4977565.75156
4, 423, 475347.831099, 4977661.76203
4, 424, 475361.106557, 4977661.76203
4, 425, 475376.426783, 4977662.7825
4, 426, 475408.087277, 4977674.01957
4, 427, 475418.300052, 4977683.21017
4, 428, 475404.002423, 4977709.76747
4, 429, 475398.894972, 4977738.36528
4, 430, 475400.937612, 4977773.09187
4, 431, 475406.045063, 4977813.94722
4, 432, 475402.980252, 4977840.50367
4, 433, 475388.682197, 4977920.17046
4, 434, 475386.639557, 4977941.61945
4, 435, 475365.191837, 4977942.64077
4, 436, 475342.723648, 4977943.66209
4, 437, 475298.807739, 4977946.7269
4, 438, 475246.72127, 4977942.64077
4, 439, 475176.251893, 4977936.512
4, 440, 475150.72102, 4977946.7269
4, 441, 475124.165849, 4977963.06845
4, 442, 475078.2073, 4977979.41085
4, 443, 474993.440294, 4978004.9447
4, 444, 474962.80197, 4978075.42046
4, 445, 474941.353825, 4978112.18968
4, 446, 474908.672861, 4978146.91626
4, 447, 474881.097221, 4978179.60106
4, 448, 474856.586818, 4978201.0492
4, 449, 474803.478178, 4978248.0329
4, 450, 474809.6078, 4978257.22563
4, 451, 474815.73572, 4978249.05422
4, 452, 474824.925898, 4978238.84059
4, 453, 474838.203909, 4978227.60522
4, 454, 474848.416684, 4978213.30632
4, 455, 474860.671672, 4978203.09269
4, 456, 474879.055007, 4978188.79379
4, 457, 474899.480556, 4978169.38615
4, 458, 474922.970916, 4978142.83098
4, 459, 474941.353825, 4978121.38199
4, 460, 474960.75933, 4978104.01827
4, 461, 474975.056959, 4978091.762
4, 462, 474994.462465, 4978074.39914
4, 463, 475013.865843, 4978062.14287
4, 464, 475040.421014, 4978040.6926
4, 465, 475051.653831, 4978033.54379
4, 466, 475062.889203, 4978028.43633
4, 467, 475075.144617, 4978025.37237
4, 468, 475088.420075, 4978021.28752
4, 469, 475101.69766, 4978013.11611
4, 470, 475112.932606, 4978006.98734
4, 471, 475124.165849, 4977997.79503
4, 472, 475129.2733, 4977989.6249
4, 473, 475135.400795, 4977980.43217
4, 474, 475138.463904, 4977972.26076
4, 475, 475150.72102, 4977958.98317
4, 476, 475160.933795, 4977952.8544
4, 477, 475178.294533, 4977947.74822
4, 478, 475202.805361, 4977946.7269
4, 479, 475213.020264, 4977946.7269
4, 480, 475226.295721, 4977948.76954
4, 481, 475241.615947, 4977951.83308
4, 482, 475256.934045, 4977953.87572
4, 483, 475281.447001, 4977955.91921
4, 484, 475297.78727, 4977955.91921
4, 485, 475310.042685, 4977954.89704
4, 486, 475324.340739, 4977951.83308
4, 487, 475343.745819, 4977951.83308
4, 488, 475359.063917, 4977952.8544
4, 489, 475371.319332, 4977954.89704
4, 490, 475386.639557, 4977954.89704
4, 491, 475384.596917, 4977968.17462
4, 492, 475373.361972, 4977967.15458
4, 493, 475366.214008, 4977969.19722
4, 494, 475356.001234, 4977973.28208
4, 495, 475343.745819, 4977979.41085
4, 496, 475331.490405, 4977989.6249
4, 497, 475315.148008, 4978001.88116
4, 498, 475298.807739, 4978005.96602
4, 499, 475283.489641, 4978008.00993
4, 500, 475262.041496, 4978014.13743
4, 501, 475227.317893, 4978019.24488
4, 502, 475196.677441, 4978027.41501
4, 503, 475179.317129, 4978031.50029
4, 504, 475167.061715, 4978032.52247
4, 505, 475153.784129, 4978029.45765
4, 506, 475136.421264, 4978028.43633
4, 507, 475115.995715, 4978026.39369
4, 508, 475104.762471, 4978029.45765
4, 509, 475097.612806, 4978031.50029
4, 510, 475088.420075, 4978033.54379
4, 511, 475080.24994, 4978038.65039
4, 512, 475070.037166, 4978043.75784
4, 513, 475059.824391, 4978044.77873
4, 514, 475047.568977, 4978046.82137
4, 515, 475037.356203, 4978052.95014
4, 516, 475019.993337, 4978067.24905
4, 517, 475009.780563, 4978078.48442
4, 518, 475000.589959, 4978089.71936
4, 519, 474989.355014, 4978099.93299
4, 520, 474979.142239, 4978110.14704
4, 521, 474965.864654, 4978115.25322
4, 522, 474954.63141, 4978120.36067
4, 523, 474946.461276, 4978129.5534
4, 524, 474936.248501, 4978143.8523
4, 525, 474929.09841, 4978148.95975
4, 526, 474922.970916, 4978156.10857
4, 527, 474904.588007, 4978175.51492
4, 528, 474888.247312, 4978188.79379
4, 529, 474875.991898, 4978199.00656
4, 530, 474858.629458, 4978213.30632
4, 531, 474851.479367, 4978223.52037
4, 532, 474845.351447, 4978231.69178
4, 533, 474834.118629, 4978241.90455
4, 534, 474822.883684, 4978250.07554
4, 535, 474812.670909, 4978261.31091
4, 536, 474819.820575, 4978272.54586
4, 537, 474877.012367, 4978236.79795
4, 538, 474911.73597, 4978216.37028
4, 539, 475010.802734, 4978104.01827
4, 540, 475050.633788, 4978064.18509
4, 541, 475076.16466, 4978049.88533
4, 542, 475377.447252, 4978047.84269
4, 543, 475375.406739, 4978062.14287
4, 544, 475374.384143, 4978131.59604
4, 545, 475371.319332, 4978148.95975
4, 546, 475367.234052, 4978168.36611
4, 547, 475346.808503, 4978230.66918
4, 548, 475345.788459, 4978248.0329
4, 549, 475348.851143, 4978268.46058
4, 550, 475357.021277, 4978289.90957
4, 551, 475367.234052, 4978300.12362
4, 552, 475377.447252, 4978308.29461
4, 553, 475395.832288, 4978318.50738
4, 554, 475415.23524, 4978322.59352
4, 555, 475481.619338, 4978315.44385
4, 556, 475495.91952, 4978318.50738
4, 557, 475507.152338, 4978324.63616
4, 558, 475522.472564, 4978337.91502
4, 559, 475528.600484, 4978350.17043
4, 560, 475531.663167, 4978363.44887
4, 561, 475527.577887, 4978404.30422
4, 562, 475527.577887, 4978424.7319
4, 563, 475533.705807, 4978458.43716
4, 564, 475557.196167, 4978489.07846
4, 565, 475586.814447, 4978517.6767
4, 566, 475610.302679, 4978519.71891
4, 567, 475636.85785, 4978517.6767
4, 568, 475656.261228, 4978508.48397
4, 569, 475663.411319, 4978503.37779
4, 570, 475681.794228, 4978484.99233
4, 571, 475769.626472, 4978355.27788
4, 572, 475782.904057, 4978330.76493
4, 573, 475792.094235, 4978307.27244
4, 574, 475800.264795, 4978277.65331
4, 575, 475798.222155, 4978259.26827
4, 576, 475797.201686, 4978225.56301
4, 577, 475805.372246, 4978205.13533
4, 578, 475815.585021, 4978192.87864
4, 579, 475824.775198, 4978186.7503
4, 580, 475836.010569, 4978184.70766
4, 581, 475856.436118, 4978185.72898
4, 582, 475879.926478, 4978194.92128
4, 583, 475898.309387, 4978209.22019
4, 584, 475921.799747, 4978235.77663
4, 585, 475935.075631, 4978256.20431
4, 586, 475942.225296, 4978269.4819
4, 587, 475950.395856, 4978290.93089
4, 588, 475956.523351, 4978313.40121
4, 589, 475988.183845, 4978425.75322
4, 590, 475995.331808, 4978479.88616
4, 591, 475996.354405, 4978559.55295
4, 592, 475991.246954, 4978607.55839
4, 593, 475986.141631, 4978627.98607
4, 594, 476039.248143, 4978627.98607
4, 595, 476043.332997, 4978607.55839
4, 596, 476045.375637, 4978561.59686
4, 597, 476037.205503, 4978517.6767
4, 598, 476026.992728, 4978465.58598
4, 599, 476011.674631, 4978425.75322
4, 600, 476000.439259, 4978382.85523
4, 601, 475988.183845, 4978339.95766
4, 602, 475976.948899, 4978304.20848
4, 603, 475958.565991, 4978257.22563
4, 604, 475935.075631, 4978221.47688
4, 605, 475908.522162, 4978194.92128
4, 606, 475881.969118, 4978172.45139
4, 607, 475855.415649, 4978164.27998
4, 608, 475831.925289, 4978164.27998
4, 609, 475807.414461, 4978175.51492
4, 610, 475794.136875, 4978190.83643
4, 611, 475776.776137, 4978234.75531
4, 612, 475762.476381, 4978253.1395
4, 613, 475742.050832, 4978264.37445
4, 614, 475722.645326, 4978274.58935
4, 615, 475709.369868, 4978274.58935
4, 616, 475693.029174, 4978271.52454
4, 617, 475678.731545, 4978262.33181
4, 618, 475667.496174, 4978261.31091
4, 619, 475659.326039, 4978269.4819
4, 620, 475658.303868, 4978279.69595
4, 621, 475660.346508, 4978299.1023
4, 622, 475666.47613, 4978321.5722
4, 623, 475672.603625, 4978343.02119
4, 624, 475685.879508, 4978352.21392
4, 625, 475694.049643, 4978362.42755
4, 626, 475697.114454, 4978377.74777
4, 627, 475698.134923, 4978391.02536
4, 628, 475689.964363, 4978405.32554
4, 629, 475663.411319, 4978429.8385
4, 630, 475652.175948, 4978441.07344
4, 631, 475636.85785, 4978447.20222
4, 632, 475614.390087, 4978450.26575
4, 633, 475600.089905, 4978451.28707
4, 634, 475593.96241, 4978447.20222
4, 635, 475581.706996, 4978433.92335
4, 636, 475573.536862, 4978414.51827
4, 637, 475573.536862, 4978400.21809
4, 638, 475573.536862, 4978353.23524
4, 639, 475569.451582, 4978311.35857
4, 640, 475556.176124, 4978292.97353
4, 641, 475537.791087, 4978281.73816
4, 642, 475495.91952, 4978270.50322
4, 643, 475464.259026, 4978269.4819
4, 644, 475446.89616, 4978262.33181
4, 645, 475432.598106, 4978253.1395
4, 646, 475427.490655, 4978244.96937
4, 647, 475422.385332, 4978231.69178
4, 648, 475418.300052, 4978207.17797
4, 649, 475422.385332, 4978166.32262
4, 650, 475415.23524, 4978117.29713
4, 651, 475410.129917, 4978077.4631
4, 652, 475406.045063, 4978048.86401
4, 653, 475407.065106, 4977985.53834
4, 654, 475406.045063, 4977979.41085
4, 655, 475402.980252, 4977974.3034
4, 656, 475396.852332, 4977972.26076
4, 657, 475390.724837, 4977969.19722
4, 658, 475385.619514, 4977969.19722
4, 659, 475386.639557, 4977954.89704
4, 660, 475396.852332, 4977953.87572
4, 661, 475404.002423, 4977950.81176
4, 662, 475406.045063, 4977947.74822
4, 663, 475408.087277, 4977942.64077
4, 664, 475416.257837, 4977908.93551
4, 665, 475429.533295, 4977872.16629
4, 666, 475435.660789, 4977827.2248
4, 667, 475431.575935, 4977799.64831
4, 668, 475425.448015, 4977776.15583
4, 669, 475420.342692, 4977757.77164
4, 670, 475423.4058, 4977734.28
4, 671, 475436.683386, 4977715.89497
4, 672, 475453.023655, 4977702.61738
4, 673, 475476.514015, 4977694.44512
4, 674, 475508.174935, 4977690.35984
4, 675, 475565.366302, 4977682.1897
4, 676, 475587.83449, 4977678.10442
4, 677, 475608.262167, 4977667.88995
4, 678, 475629.708185, 4977650.52708
4, 679, 475638.90049, 4977645.41963
4, 680, 475650.133734, 4977644.39746
4, 681, 475697.114454, 4977646.4418
4, 682, 475743.073003, 4977640.31218
4, 683, 475785.966741, 4977618.86446
4, 684, 475826.817838, 4977597.41419
4, 685, 475847.245515, 4977588.22188
4, 686, 475848.265558, 4977586.17924
4, 687, 475849.288155, 4977584.1366
4, 688, 475848.265558, 4977573.92383
4, 689, 475847.245515, 4977564.7311
4, 690, 475860.520973, 4977562.68888
4, 691, 475862.563613, 4977573.92383
4, 692, 475866.648893, 4977580.05132
4, 693, 475869.713704, 4977582.09396
4, 694, 475881.969118, 4977588.22188
4, 695, 475923.842387, 4977604.56428
4, 696, 475972.863619, 4977632.14205
4, 697, 476012.694674, 4977676.06008
4, 698, 476038.227674, 4977705.68219
4, 699, 476071.930808, 4977730.19387
4, 700, 476102.569132, 4977770.02791
4, 701, 476110.739692, 4977787.39077
4, 702, 476112.781906, 4977808.84062
4, 703, 476110.739692, 4977845.60984
4, 704, 476112.781906, 4977869.10148
4, 705, 476119.931997, 4977885.44387
4, 706, 476135.250095, 4977899.74278
4, 707, 476152.612961, 4977906.89287
4, 708, 476169.973698, 4977923.23442
4, 709, 476183.251284, 4977945.70431
4, 710, 476196.52887, 4977980.43217
4, 711, 476199.591978, 4978000.85984
4, 712, 476198.57151, 4978015.15875
4, 713, 476196.52887, 4978019.24488
4, 714, 476190.401375, 4978020.26492
4, 715, 476185.293924, 4978029.45765
4, 716, 476189.379204, 4978035.58643
4, 717, 476185.293924, 4978044.77873
4, 718, 476178.145961, 4978053.97146
4, 719, 476167.931058, 4978061.12028
4, 720, 476151.59079, 4978069.29169
4, 721, 476131.165241, 4978076.44178
4, 722, 476102.569132, 4978086.6554
4, 723, 476080.101368, 4978100.95431
4, 724, 476050.483088, 4978126.48859
4, 725, 476026.992728, 4978156.10857
4, 726, 476024.950088, 4978200.02873
4, 727, 476029.035368, 4978238.84059
4, 728, 476037.205503, 4978290.93089
4, 729, 476051.503132, 4978332.80757
4, 730, 476071.930808, 4978374.68424
4, 731, 476092.356357, 4978414.51827
4, 732, 476107.674455, 4978451.28707
4, 733, 476117.88723, 4978477.84352
4, 734, 476136.272692, 4978501.33515
4, 735, 476158.740455, 4978535.04042
4, 736, 476175.08115, 4978572.83181
4, 737, 476182.231241, 4978624.92211
4, 738, 476181.208644, 4978627.98607
4, 739, 476230.230302, 4978627.98607
5, 741, 476181.208644, 4978627.98607
5, 742, 476182.231241, 4978624.92211
5, 743, 476175.08115, 4978572.83181
5, 744, 476158.740455, 4978535.04042
5, 745, 476136.272692, 4978501.33515
5, 746, 476117.88723, 4978477.84352
5, 747, 476107.674455, 4978451.28707
5, 748, 476092.356357, 4978414.51827
5, 749, 476071.930808, 4978374.68424
5, 750, 476051.503132, 4978332.80757
5, 751, 476037.205503, 4978290.93089
5, 752, 476029.035368, 4978238.84059
5, 753, 476024.950088, 4978200.02873
5, 754, 476026.992728, 4978156.10857
5, 755, 476050.483088, 4978126.48859
5, 756, 476080.101368, 4978100.95431
5, 757, 476102.569132, 4978086.6554
5, 758, 476131.165241, 4978076.44178
5, 759, 476151.59079, 4978069.29169
5, 760, 476167.931058, 4978061.12028
5, 761, 476178.145961, 4978053.97146
5, 762, 476185.293924, 4978044.77873
5, 763, 476189.379204, 4978035.58643
5, 764, 476185.293924, 4978029.45765
5, 765, 476190.401375, 4978020.26492
5, 766, 476196.52887, 4978019.24488
5, 767, 476198.57151, 4978015.15875
5, 768, 476199.591978, 4978000.85984
5, 769, 476196.52887, 4977980.43217
5, 770, 476183.251284, 4977945.70431
5, 771, 476169.973698, 4977923.23442
5, 772, 476152.612961, 4977906.89287
5, 773, 476135.250095, 4977899.74278
5, 774, 476119.931997, 4977885.44387
5, 775, 476112.781906, 4977869.10148
5, 776, 476110.739692, 4977845.60984
5, 777, 476112.781906, 4977808.84062
5, 778, 476110.739692, 4977787.39077
5, 779, 476102.569132, 4977770.02791
5, 780, 476071.930808, 4977730.19387
5, 781, 476038.227674, 4977705.68219
5, 782, 476012.694674, 4977676.06008
5, 783, 475972.863619, 4977632.14205
5, 784, 475923.842387, 4977604.56428
5, 785, 475881.969118, 4977588.22188
5, 786, 475869.713704, 4977582.09396
5, 787, 475866.648893, 4977580.05132
5, 788, 475862.563613, 4977573.92383
5, 789, 475860.520973, 4977562.68888
5, 790, 475847.245515, 4977564.7311
5, 791, 475848.265558, 4977573.92383
5, 792, 475849.288155, 4977584.1366
5, 793, 475848.265558, 4977586.17924
5, 794, 475847.245515, 4977588.22188
5, 795, 475826.817838, 4977597.41419
5, 796, 475785.966741, 4977618.86446
5, 797, 475743.073003, 4977640.31218
5, 798, 475697.114454, 4977646.4418
5, 799, 475650.133734, 4977644.39746
5, 800, 475638.90049, 4977645.41963
5, 801, 475629.708185, 4977650.52708
5, 802, 475608.262167, 4977667.88995
5, 803, 475587.83449, 4977678.10442
5, 804, 475565.366302, 4977682.1897
5, 805, 475508.174935, 4977690.35984
5, 806, 475476.514015, 4977694.44512
5, 807, 475453.023655, 4977702.61738
5, 808, 475436.683386, 4977715.89497
5, 809, 475423.4058, 4977734.28
5, 810, 475420.342692, 4977757.77164
5, 811, 475425.448015, 4977776.15583
5, 812, 475431.575935, 4977799.64831
5, 813, 475435.660789, 4977827.2248
5, 814, 475429.533295, 4977872.16629
5, 815, 475416.257837, 4977908.93551
5, 816, 475408.087277, 4977942.64077
5, 817, 475406.045063, 4977947.74822
5, 818, 475404.002423, 4977950.81176
5, 819, 475396.852332, 4977953.87572
5, 820, 475386.639557, 4977954.89704
5, 821, 475385.619514, 4977969.19722
5, 822, 475390.724837, 4977969.19722
5, 823, 475396.852332, 4977972.26076
5, 824, 475402.980252, 4977974.3034
5, 825, 475406.045063, 4977979.41085
5, 826, 475407.065106, 4977985.53834
5, 827, 475406.045063, 4978048.86401
5, 828, 475410.129917, 4978077.4631
5, 829, 475415.23524, 4978117.29713
5, 830, 475422.385332, 4978166.32262
5, 831, 475418.300052, 4978207.17797
5, 832, 475422.385332, 4978231.69178
5, 833, 475427.490655, 4978244.96937
5, 834, 475432.598106, 4978253.1395
5, 835, 475446.89616, 4978262.33181
5, 836, 475464.259026, 4978269.4819
5, 837, 475495.91952, 4978270.50322
5, 838, 475537.791087, 4978281.73816
5, 839, 475556.176124, 4978292.97353
5, 840, 475569.451582, 4978311.35857
5, 841, 475573.536862, 4978353.23524
5, 842, 475573.536862, 4978400.21809
5, 843, 475573.536862, 4978414.51827
5, 844, 475581.706996, 4978433.92335
5, 845, 475593.96241, 4978447.20222
5, 846, 475600.089905, 4978451.28707
5, 847, 475614.390087, 4978450.26575
5, 848, 475636.85785, 4978447.20222
5, 849, 475652.175948, 4978441.07344
5, 850, 475663.411319, 4978429.8385
5, 851, 475689.964363, 4978405.32554
5, 852, 475698.134923, 4978391.02536
5, 853, 475697.114454, 4978377.74777
5, 854, 475694.049643, 4978362.42755
5, 855, 475685.879508, 4978352.21392
5, 856, 475672.603625, 4978343.02119
5, 857, 475666.47613, 4978321.5722
5, 858, 475660.346508, 4978299.1023
5, 859, 475658.303868, 4978279.69595
5, 860, 475659.326039, 4978269.4819
5, 861, 475667.496174, 4978261.31091
5, 862, 475678.731545, 4978262.33181
5, 863, 475693.029174, 4978271.52454
5, 864, 475709.369868, 4978274.58935
5, 865, 475722.645326, 4978274.58935
5, 866, 475742.050832, 4978264.37445
5, 867, 475762.476381, 4978253.1395
5, 868, 475776.776137, 4978234.75531
5, 869, 475794.136875, 4978190.83643
5, 870, 475807.414461, 4978175.51492
5, 871, 475831.925289, 4978164.27998
5, 872, 475855.415649, 4978164.27998
5, 873, 475881.969118, 4978172.45139
5, 874, 475908.522162, 4978194.92128
5, 875, 475935.075631, 4978221.47688
5, 876, 475958.565991, 4978257.22563
5, 877, 475976.948899, 4978304.20848
5, 878, 475988.183845, 4978339.95766
5, 879, 476000.439259, 4978382.85523
5, 880, 476011.674631, 4978425.75322
5, 881, 476026.992728, 4978465.58598
5, 882, 476037.205503, 4978517.6767
5, 883, 476045.375637, 4978561.59686
5, 884, 476043.332997, 4978607.55839
5, 885, 476039.248143, 4978627.98607
5, 886, 476181.208644, 4978627.98607
6, 888, 475718.560472, 4977916.08518
6, 889, 475723.667923, 4977905.87155
6, 890, 475754.306246, 4977882.37906
6, 891, 475788.009381, 4977865.0162
6, 892, 475815.585021, 4977858.88743
6, 893, 475846.223344, 4977855.82389
6, 894, 475893.201936, 4977857.86611
6, 895, 475934.055162, 4977877.27246
6, 896, 475962.650845, 4977899.74278
6, 897, 475994.311765, 4977935.49153
6, 898, 476015.759485, 4977958.98317
6, 899, 476019.844765, 4977968.17462
6, 900, 476011.674631, 4977974.3034
6, 901, 475980.013711, 4977981.45349
6, 902, 475934.055162, 4977984.51745
6, 903, 475887.074442, 4977983.49613
6, 904, 475843.160235, 4977977.36736
6, 905, 475802.307009, 4977957.96185
6, 906, 475755.328417, 4977937.53417
6, 907, 475728.774948, 4977926.29923
6, 908, 475718.560472, 4977916.08518
7, 910, 475687.921723, 4978002.90248
7, 911, 475697.114454, 4977994.73107
7, 912, 475712.432552, 4977994.73107
7, 913, 475732.860228, 4978002.90248
7, 914, 475752.263606, 4978014.13743
7, 915, 475772.689155, 4978035.58643
7, 916, 475801.286966, 4978079.50531
7, 917, 475815.585021, 4978109.12572
7, 918, 475820.690344, 4978129.5534
7, 919, 475817.627235, 4978147.93843
7, 920, 475807.414461, 4978158.15121
7, 921, 475795.159472, 4978161.21602
7, 922, 475771.668686, 4978149.98107
7, 923, 475747.158283, 4978129.5534
7, 924, 475719.582643, 4978091.762
7, 925, 475696.092283, 4978050.9075
7, 926, 475690.986959, 4978037.62907
7, 927, 475685.879508, 4978021.28752
7, 928, 475687.921723, 4978002.90248
8, 930, 474809.6078, 4978257.22563
8, 931, 474812.670909, 4978261.31091
8, 932, 474822.883684, 4978250.07554
8, 933, 474834.118629, 4978241.90455
8, 934, 474845.351447, 4978231.69178
8, 935, 474851.479367, 4978223.52037
8, 936, 474858.629458, 4978213.30632
8, 937, 474875.991898, 4978199.00656
8, 938, 474888.247312, 4978188.79379
8, 939, 474904.588007, 4978175.51492
8, 940, 474922.970916, 4978156.10857
8, 941, 474929.09841, 4978148.95975
8, 942, 474936.248501, 4978143.8523
8, 943, 474946.461276, 4978129.5534
8, 944, 474954.63141, 4978120.36067
8, 945, 474965.864654, 4978115.25322
8, 946, 474979.142239, 4978110.14704
8, 947, 474989.355014, 4978099.93299
8, 948, 475000.589959, 4978089.71936
8, 949, 475009.780563, 4978078.48442
8, 950, 475019.993337, 4978067.24905
8, 951, 475037.356203, 4978052.95014
8, 952, 475047.568977, 4978046.82137
8, 953, 475059.824391, 4978044.77873
8, 954, 475070.037166, 4978043.75784
8, 955, 475080.24994, 4978038.65039
8, 956, 475088.420075, 4978033.54379
8, 957, 475097.612806, 4978031.50029
8, 958, 475104.762471, 4978029.45765
8, 959, 475115.995715, 4978026.39369
8, 960, 475136.421264, 4978028.43633
8, 961, 475153.784129, 4978029.45765
8, 962, 475167.061715, 4978032.52247
8, 963, 475179.317129, 4978031.50029
8, 964, 475196.677441, 4978027.41501
8, 965, 475227.317893, 4978019.24488
8, 966, 475262.041496, 4978014.13743
8, 967, 475283.489641, 4978008.00993
8, 968, 475298.807739, 4978005.96602
8, 969, 475315.148008, 4978001.88116
8, 970, 475331.490405, 4977989.6249
8, 971, 475343.745819, 4977979.41085
8, 972, 475356.001234, 4977973.28208
8, 973, 475366.214008, 4977969.19722
8, 974, 475373.361972, 4977967.15458
8, 975, 475384.596917, 4977968.17462
8, 976, 475386.639557, 4977954.89704
8, 977, 475371.319332, 4977954.89704
8, 978, 475359.063917, 4977952.8544
8, 979, 475343.745819, 4977951.83308
8, 980, 475324.340739, 4977951.83308
8, 981, 475310.042685, 4977954.89704
8, 982, 475297.78727, 4977955.91921
8, 983, 475281.447001, 4977955.91921
8, 984, 475256.934045, 4977953.87572
8, 985, 475241.615947, 4977951.83308
8, 986, 475226.295721, 4977948.76954
8, 987, 475213.020264, 4977946.7269
8, 988, 475202.805361, 4977946.7269
8, 989, 475178.294533, 4977947.74822
8, 990, 475160.933795, 4977952.8544
8, 991, 475150.72102, 4977958.98317
8, 992, 475138.463904, 4977972.26076
8, 993, 475135.400795, 4977980.43217
8, 994, 475129.2733, 4977989.6249
8, 995, 475124.165849, 4977997.79503
8, 996, 475112.932606, 4978006.98734
8, 997, 475101.69766, 4978013.11611
8, 998, 475088.420075, 4978021.28752
8, 999, 475075.144617, 4978025.37237
8, 1000, 475062.889203, 4978028.43633
8, 1001, 475051.653831, 4978033.54379
8, 1002, 475040.421014, 4978040.6926
8, 1003, 475013.865843, 4978062.14287
8, 1004, 474994.462465, 4978074.39914
8, 1005, 474975.056959, 4978091.762
8, 1006, 474960.75933, 4978104.01827
8, 1007, 474941.353825, 4978121.38199
8, 1008, 474922.970916, 4978142.83098
8, 1009, 474899.480556, 4978169.38615
8, 1010, 474879.055007, 4978188.79379
8, 1011, 474860.671672, 4978203.09269
8, 1012, 474848.416684, 4978213.30632
8, 1013, 474838.203909, 4978227.60522
8, 1014, 474824.925898, 4978238.84059
8, 1015, 474815.73572, 4978249.05422
8, 1016, 474809.6078, 4978257.22563
9, 1018, 475687.921723, 4978002.90248
9, 1019, 475685.879508, 4978021.28752
9, 1020, 475690.986959, 4978037.62907
9, 1021, 475696.092283, 4978050.9075
9, 1022, 475719.582643, 4978091.762
9, 1023, 475747.158283, 4978129.5534
9, 1024, 475771.668686, 4978149.98107
9, 1025, 475795.159472, 4978161.21602
9, 1026, 475807.414461, 4978158.15121
9, 1027, 475817.627235, 4978147.93843
9, 1028, 475820.690344, 4978129.5534
9, 1029, 475815.585021, 4978109.12572
9, 1030, 475801.286966, 4978079.50531
9, 1031, 475772.689155, 4978035.58643
9, 1032, 475752.263606, 4978014.13743
9, 1033, 475732.860228, 4978002.90248
9, 1034, 475712.432552, 4977994.73107
9, 1035, 475697.114454, 4977994.73107
9, 1036, 475687.921723, 4978002.90248
10, 1038, 475718.560472, 4977916.08518
10, 1039, 475728.774948, 4977926.29923
10, 1040, 475755.328417, 4977937.53417
10, 1041, 475802.307009, 4977957.96185
10, 1042, 475843.160235, 4977977.36736
10, 1043, 475887.074442, 4977983.49613
10, 1044, 475934.055162, 4977984.51745
10, 1045, 475980.013711, 4977981.45349
10, 1046, 476011.674631, 4977974.3034
10, 1047, 476019.844765, 4977968.17462
10, 1048, 476015.759485, 4977958.98317
10, 1049, 475994.311765, 4977935.49153
10, 1050, 475962.650845, 4977899.74278
10, 1051, 475934.055162, 4977877.27246
10, 1052, 475893.201936, 4977857.86611
10, 1053, 475846.223344, 4977855.82389
10, 1054, 475815.585021, 4977858.88743
10, 1055, 475788.009381, 4977865.0162
10, 1056, 475754.306246, 4977882.37906
10, 1057, 475723.667923, 4977905.87155
10, 1058, 475718.560472, 4977916.08518
11, 1060, 475764.519021, 4977366.58438
11, 1061, 475756.348461, 4977371.69013
11, 1062, 475767.583832, 4977392.11738
11, 1063, 475769.626472, 4977400.28794
11, 1064, 475768.603875, 4977410.50284
11, 1065, 475765.541192, 4977415.61029
11, 1066, 475757.371057, 4977422.75996
11, 1067, 475737.965552, 4977430.93052
11, 1068, 475709.369868, 4977445.23027
11, 1069, 475684.859039, 4977452.38036
11, 1070, 475672.603625, 4977460.5505
11, 1071, 475665.453959, 4977465.65795
11, 1072, 475666.47613, 4977471.78544
11, 1073, 475669.538814, 4977474.85068
11, 1074, 475683.836868, 4977478.93553
11, 1075, 475703.241948, 4977484.04299
11, 1076, 475725.710137, 4977481.99822
11, 1077, 475746.135686, 4977476.89289
11, 1078, 475769.626472, 4977470.76327
11, 1079, 475797.201686, 4977467.70059
11, 1080, 475822.732558, 4977467.70059
11, 1081, 475832.947461, 4977471.78544
11, 1082, 475837.032741, 4977477.91336
11, 1083, 475847.245515, 4977562.68888
11, 1084, 475859.500929, 4977559.62407
11, 1085, 475856.436118, 4977498.34104
11, 1086, 475855.415649, 4977489.14831
11, 1087, 475853.373009, 4977481.99822
11, 1088, 475850.308198, 4977476.89289
11, 1089, 475850.308198, 4977470.76327
11, 1090, 475852.350838, 4977464.63578
11, 1091, 475859.500929, 4977459.52833
11, 1092, 475866.648893, 4977453.40041
11, 1093, 475871.756344, 4977447.27291
11, 1094, 475873.798558, 4977433.99533
11, 1095, 475868.691533, 4977421.73778
11, 1096, 475862.563613, 4977411.52501
11, 1097, 475853.373009, 4977404.37492
11, 1098, 475841.118021, 4977401.31011
11, 1099, 475821.712515, 4977399.26747
11, 1100, 475801.286966, 4977399.26747
11, 1101, 475792.094235, 4977398.24742
11, 1102, 475786.988912, 4977398.24742
11, 1103, 475782.904057, 4977396.20266
11, 1104, 475778.818777, 4977390.07516
11, 1105, 475764.519021, 4977366.58438
12, 1107, 475756.348461, 4977371.69013
12, 1108, 475748.178326, 4977359.43471
12, 1109, 475742.050832, 4977354.32726
12, 1110, 475731.838057, 4977351.26245
12, 1111, 475723.667923, 4977352.28462
12, 1112, 475686.901679, 4977379.86239
12, 1113, 475648.091094, 4977409.48024
12, 1114, 475608.262167, 4977422.75996
12, 1115, 475558.218338, 4977428.88788
12, 1116, 475505.110124, 4977429.91005
12, 1117, 475448.9388, 4977425.82306
12, 1118, 475395.832288, 4977413.56765
12, 1119, 475367.234052, 4977399.26747
12, 1120, 475333.533045, 4977376.79715
12, 1121, 475291.659776, 4977351.26245
12, 1122, 475243.658587, 4977326.74949
12, 1123, 475197.700038, 4977301.21436
12, 1124, 475163.996904, 4977279.76664
12, 1125, 475126.208489, 4977256.27416
12, 1126, 475091.484886, 4977237.88912
12, 1127, 475061.866606, 4977223.59107
12, 1128, 475030.206111, 4977192.94849
12, 1129, 475012.845374, 4977149.03045
12, 1130, 474996.505105, 4977134.73027
12, 1131, 474981.184879, 4977121.45268
12, 1132, 474976.077428, 4977106.13246
12, 1133, 474968.929465, 4977090.8101
12, 1134, 474947.481745, 4977073.44766
12, 1135, 474928.078367, 4977056.0848
12, 1136, 474921.950447, 4977035.65712
12, 1137, 474890.289952, 4977005.01454
12, 1138, 474870.884447, 4976971.30928
12, 1139, 474848.416684, 4976934.54133
12, 1140, 474827.991135, 4976894.70602
12, 1141, 474812.670909, 4976857.93595
12, 1142, 474811.65044, 4976830.36031
12, 1143, 474806.542989, 4976810.9531
12, 1144, 474790.20272, 4976778.27001
12, 1145, 474782.03216, 4976740.47734
12, 1146, 474767.734531, 4976672.04677
12, 1147, 474757.521757, 4976613.82643
12, 1148, 474752.414306, 4976538.24577
12, 1149, 474749.349495, 4976487.17551
12, 1150, 474749.349495, 4976444.27965
12, 1151, 474751.393837, 4976392.18722
12, 1152, 474760.58444, 4976346.22655
12, 1153, 474775.904666, 4976308.43643
12, 1154, 474797.350684, 4976257.36617
12, 1155, 474819.820575, 4976216.51082
12, 1156, 474827.991135, 4976193.02046
12, 1157, 474826.968538, 4976165.44269
12, 1158, 474824.925898, 4976138.88752
12, 1159, 474827.991135, 4976111.30975
12, 1160, 474827.991135, 4976080.66717
12, 1161, 474817.77836, 4976043.89923
12, 1162, 474813.69308, 4975961.16635
12, 1163, 474820.841044, 4975933.58858
12, 1164, 474836.161269, 4975910.09822
12, 1165, 474885.182501, 4975882.52046
12, 1166, 474931.14105, 4975867.20023
12, 1167, 474961.779374, 4975865.15759
12, 1168, 474981.184879, 4975872.30768
12, 1169, 474992.419825, 4975881.49828
12, 1170, 475003.653068, 4975881.49828
12, 1171, 475028.163471, 4975886.60574
12, 1172, 475060.846563, 4975913.16091
12, 1173, 475080.24994, 4975921.33317
12, 1174, 475112.932606, 4975923.37581
12, 1175, 475136.421264, 4975919.29053
12, 1176, 475147.656209, 4975919.29053
12, 1177, 475158.89158, 4975907.03341
12, 1178, 475160.933795, 4975882.52046
12, 1179, 475167.061715, 4975855.96528
12, 1180, 475245.701227, 4975807.95984
12, 1181, 475288.594965, 4975774.25458
12, 1182, 475325.36291, 4975748.71945
12, 1183, 475347.831099, 4975732.37705
12, 1184, 475371.319332, 4975718.079
12, 1185, 475426.470612, 4975704.80141
12, 1186, 475480.599295, 4975706.84405
12, 1187, 475506.132295, 4975709.90674
12, 1188, 475565.366302, 4975713.99414
12, 1189, 475611.32485, 4975726.24913
12, 1190, 475662.39085, 4975748.71945
12, 1191, 475700.177137, 4975768.12708
12, 1192, 475736.945508, 4975787.53216
12, 1193, 475775.753966, 4975815.10993
12, 1194, 475811.499741, 4975843.70774
12, 1195, 475849.288155, 4975874.35032
12, 1196, 475881.969118, 4975904.99077
12, 1197, 475913.629613, 4975940.73867
12, 1198, 475936.097802, 4975967.29597
12, 1199, 475954.480711, 4976004.06392
12, 1200, 475968.778765, 4976046.96191
12, 1201, 475981.034179, 4976095.98953
12, 1202, 475988.183845, 4976158.2926
12, 1203, 475999.417088, 4976257.36617
12, 1204, 476008.609394, 4976375.84695
12, 1205, 476012.694674, 4976486.15547
12, 1206, 476016.779954, 4976567.86575
12, 1207, 476013.716845, 4976620.97652
12, 1208, 475998.396619, 4976667.95937
12, 1209, 475986.141631, 4976713.92217
12, 1210, 475973.886216, 4976750.69224
12, 1211, 475938.140442, 4976802.78297
12, 1212, 475862.563613, 4977003.9945
12, 1213, 475849.288155, 4977044.84985
12, 1214, 475837.032741, 4977096.94015
12, 1215, 475817.627235, 4977150.05049
12, 1216, 475808.434929, 4977194.99113
12, 1217, 475797.201686, 4977238.91129
12, 1218, 475789.031552, 4977282.82933
12, 1219, 475774.733923, 4977318.57936
12, 1220, 475761.455912, 4977339.00703
12, 1221, 475757.371057, 4977346.155
12, 1222, 475757.371057, 4977351.26245
12, 1223, 475757.371057, 4977354.32726
12, 1224, 475764.519021, 4977366.58438
12, 1225, 475788.009381, 4977351.26245
12, 1226, 475828.860478, 4977325.72945
12, 1227, 475867.671064, 4977298.15168
12, 1228, 475903.416838, 4977273.63872
12, 1229, 475900.352027, 4977259.33897
12, 1230, 475894.224533, 4977249.12407
12, 1231, 475882.989162, 4977234.82601
12, 1232, 475866.648893, 4977220.52625
12, 1233, 475860.520973, 4977207.24867
12, 1234, 475860.520973, 4977190.90585
12, 1235, 475861.543569, 4977172.52081
12, 1236, 475866.648893, 4977150.05049
12, 1237, 475899.331558, 4977064.25493
12, 1238, 475982.056351, 4976855.89331
12, 1239, 476040.270314, 4976714.94434
12, 1240, 476045.375637, 4976700.64459
12, 1241, 476049.460917, 4976679.19687
12, 1242, 476049.460917, 4976657.74659
12, 1243, 476047.418277, 4976557.65085
12, 1244, 476042.312954, 4976510.668
12, 1245, 476041.290357, 4976482.07019
12, 1246, 476043.332997, 4976446.32229
12, 1247, 476040.270314, 4976405.46694
12, 1248, 476029.035368, 4976312.52128
12, 1249, 476025.972259, 4976277.79385
12, 1250, 476021.887405, 4976206.29805
12, 1251, 476013.716845, 4976075.56185
12, 1252, 475999.417088, 4976016.32146
12, 1253, 475981.034179, 4975968.31602
12, 1254, 475957.545522, 4975923.37581
12, 1255, 475919.757533, 4975877.413
12, 1256, 475892.181893, 4975849.83524
12, 1257, 475823.755155, 4975793.66008
12, 1258, 475738.987723, 4975728.29177
12, 1259, 475707.327228, 4975707.8641
12, 1260, 475660.346508, 4975687.43642
12, 1261, 475584.771807, 4975658.83861
12, 1262, 475517.365113, 4975620.0259
12, 1263, 475501.024844, 4975663.94606
12, 1264, 475486.726789, 4975668.03134
12, 1265, 475453.023655, 4975668.03134
12, 1266, 475429.533295, 4975670.07398
12, 1267, 475407.065106, 4975675.18143
12, 1268, 475357.021277, 4975692.54387
12, 1269, 475323.318143, 4975709.90674
12, 1270, 475304.935234, 4975722.16428
12, 1271, 475255.914001, 4975766.08444
12, 1272, 475235.488453, 4975781.40467
12, 1273, 475215.062904, 4975790.59697
12, 1274, 475174.209678, 4975799.78971
12, 1275, 475121.103166, 4975801.83235
12, 1276, 475026.120831, 4975787.53216
12, 1277, 474980.16441, 4975783.44731
12, 1278, 474895.395276, 4975782.42471
12, 1279, 474845.351447, 4975783.44731
12, 1280, 474844.331404, 4975680.28675
12, 1281, 474642.114299, 4975682.3311
12, 1282, 474644.156514, 4976084.75458
12, 1283, 474754.456946, 4976082.70981
12, 1284, 474772.839855, 4976117.43725
12, 1285, 474783.052629, 4976146.03548
12, 1286, 474785.095269, 4976163.40005
12, 1287, 474785.095269, 4976179.74075
12, 1288, 474784.0748, 4976203.23323
12, 1289, 474775.904666, 4976237.96067
12, 1290, 474744.244171, 4976306.39166
12, 1291, 474736.073611, 4976329.88415
12, 1292, 474729.946117, 4976359.50413
12, 1293, 474726.881306, 4976399.33731
12, 1294, 474727.903477, 4976482.07019
12, 1295, 474727.903477, 4976509.64796
12, 1296, 474730.96616, 4976541.31058
12, 1297, 474743.221575, 4976656.72655
12, 1298, 474749.349495, 4976703.7094
12, 1299, 474756.49916, 4976741.49994
12, 1300, 474768.754575, 4976788.48279
12, 1301, 474799.392898, 4976881.42844
12, 1302, 474774.882495, 4976883.47108
12, 1303, 474713.605848, 4976957.01123
12, 1304, 474694.200342, 4976976.41673
12, 1305, 474686.030208, 4976992.75913
12, 1306, 474683.987568, 4977003.9945
12, 1307, 474688.072848, 4977109.19557
12, 1308, 474694.200342, 4977120.43051
12, 1309, 474716.668531, 4977133.7081
12, 1310, 474723.818622, 4977123.49532
12, 1311, 474743.221575, 4977080.59733
12, 1312, 474804.500349, 4977105.11029
12, 1313, 474826.968538, 4977059.14961
12, 1314, 474883.139861, 4977041.78462
12, 1315, 474888.247312, 4977039.7424
12, 1316, 474904.588007, 4977064.25493
12, 1317, 474944.418636, 4977113.28255
12, 1318, 474975.056959, 4977152.09313
12, 1319, 475003.653068, 4977196.0133
12, 1320, 475031.228283, 4977249.12407
12, 1321, 475038.378374, 4977276.70183
12, 1322, 475037.356203, 4977303.25913
12, 1323, 475035.313563, 4977312.44974
12, 1324, 475211.997667, 4977395.18261
12, 1325, 475247.743441, 4977412.54505
12, 1326, 475316.170179, 4977444.2081
12, 1327, 475369.276692, 4977468.72063
12, 1328, 475400.937612, 4977480.97817
12, 1329, 475413.193026, 4977486.08563
12, 1330, 475429.533295, 4977491.19095
12, 1331, 475457.108935, 4977495.27623
12, 1332, 475483.661978, 4977497.32057
12, 1333, 475501.024844, 4977496.2984
12, 1334, 475524.515204, 4977494.25576
12, 1335, 475563.324087, 4977484.04299
12, 1336, 475591.91977, 4977469.74323
12, 1337, 475734.902868, 4977384.96771
12, 1338, 475756.348461, 4977371.69013
13, 1340, 474689.092891, 4975929.5033
13, 1341, 474689.092891, 4975946.8683
13, 1342, 474689.092891, 4975962.18852
13, 1343, 474689.092891, 4975968.31602
13, 1344, 474691.135531, 4975974.44394
13, 1345, 474709.520568, 4976018.3641
13, 1346, 474710.540611, 4976030.61952
13, 1347, 474711.563208, 4976038.79178
13, 1348, 474711.563208, 4976042.87663
13, 1349, 474711.563208, 4976045.94187
13, 1350, 474707.477928, 4976052.06936
13, 1351, 474700.327837, 4976055.13417
13, 1352, 474694.200342, 4976056.15464
13, 1353, 474689.092891, 4976054.112
13, 1354, 474681.944928, 4976045.94187
13, 1355, 474680.922757, 4976040.83442
13, 1356, 474678.880117, 4976033.68433
13, 1357, 474678.880117, 4976026.53424
13, 1358, 474677.860074, 4976016.32146
13, 1359, 474675.817434, 4976010.19397
13, 1360, 474671.732154, 4976003.04388
13, 1361, 474667.647299, 4975992.82897
13, 1362, 474665.604659, 4975981.59403
13, 1363, 474666.624702, 4975962.18852
13, 1364, 474668.667342, 4975948.91094
13, 1365, 474670.709982, 4975938.69603
13, 1366, 474670.709982, 4975930.5259
13, 1367, 474669.689514, 4975924.39798
13, 1368, 474666.624702, 4975915.20567
13, 1369, 474664.582062, 4975906.01294
13, 1370, 474663.562019, 4975899.88332
13, 1371, 474666.624702, 4975895.79804
13, 1372, 474673.774794, 4975893.7554
13, 1373, 474677.860074, 4975894.778
13, 1374, 474688.072848, 4975918.26836
13, 1375, 474690.115062, 4975925.41845
13, 1376, 474689.092891, 4975929.5033
14, 1378, 474663.562019, 4975862.09278
14, 1379, 474662.539848, 4975856.98533
14, 1380, 474661.519379, 4975848.81519
14, 1381, 474663.562019, 4975840.64506
14, 1382, 474666.624702, 4975829.40969
14, 1383, 474667.647299, 4975823.28007
14, 1384, 474667.647299, 4975812.04512
14, 1385, 474667.647299, 4975804.89503
14, 1386, 474668.667342, 4975799.78971
14, 1387, 474670.709982, 4975797.74707
14, 1388, 474682.965397, 4975790.59697
14, 1389, 474687.050251, 4975786.50999
14, 1390, 474690.115062, 4975781.40467
14, 1391, 474694.200342, 4975766.08444
14, 1392, 474695.220386, 4975759.95482
14, 1393, 474694.200342, 4975755.86954
14, 1394, 474692.157702, 4975750.76209
14, 1395, 474689.092891, 4975744.6346
14, 1396, 474683.987568, 4975738.50668
14, 1397, 474680.922757, 4975735.44186
14, 1398, 474682.965397, 4975732.37705
14, 1399, 474701.350434, 4975727.27173
14, 1400, 474717.690702, 4975723.18432
14, 1401, 474728.923946, 4975723.18432
14, 1402, 474739.13672, 4975725.22909
14, 1403, 474744.244171, 4975725.22909
14, 1404, 474748.329026, 4975722.16428
14, 1405, 474753.436477, 4975715.01419
14, 1406, 474756.49916, 4975710.92891
14, 1407, 474768.754575, 4975708.88669
14, 1408, 474785.095269, 4975712.97155
14, 1409, 474807.563458, 4975721.14168
14, 1410, 474811.65044, 4975725.22909
14, 1411, 474812.670909, 4975729.31437
14, 1412, 474812.670909, 4975731.35658
14, 1413, 474804.500349, 4975739.52714
14, 1414, 474791.222764, 4975747.69941
14, 1415, 474788.16008, 4975748.71945
14, 1416, 474783.052629, 4975750.76209
14, 1417, 474777.947306, 4975748.71945
14, 1418, 474771.819386, 4975746.67681
14, 1419, 474763.649251, 4975745.65677
14, 1420, 474760.58444, 4975746.67681
14, 1421, 474757.521757, 4975747.69941
14, 1422, 474755.479117, 4975752.80473
14, 1423, 474755.479117, 4975755.86954
14, 1424, 474756.49916, 4975766.08444
14, 1425, 474756.49916, 4975770.1693
14, 1426, 474753.436477, 4975773.23241
14, 1427, 474747.306855, 4975778.33986
14, 1428, 474745.264215, 4975781.40467
14, 1429, 474736.073611, 4975784.46735
14, 1430, 474715.648062, 4975790.59697
14, 1431, 474708.498397, 4975794.68225
14, 1432, 474703.393074, 4975799.78971
14, 1433, 474699.307794, 4975804.89503
14, 1434, 474698.285622, 4975813.06729
14, 1435, 474695.220386, 4975821.23743
14, 1436, 474688.072848, 4975833.49497
14, 1437, 474681.944928, 4975845.75038
14, 1438, 474676.837477, 4975853.92264
14, 1439, 474673.774794, 4975859.02797
14, 1440, 474671.732154, 4975860.05014
14, 1441, 474667.647299, 4975862.09278
14, 1442, 474665.604659, 4975862.09278
14, 1443, 474663.562019, 4975862.09278
15, 1445, 475764.519021, 4977366.58438
15, 1446, 475757.371057, 4977354.32726
15, 1447, 475757.371057, 4977351.26245
15, 1448, 475757.371057, 4977346.155
15, 1449, 475761.455912, 4977339.00703
15, 1450, 475774.733923, 4977318.57936
15, 1451, 475789.031552, 4977282.82933
15, 1452, 475797.201686, 4977238.91129
15, 1453, 475808.434929, 4977194.99113
15, 1454, 475817.627235, 4977150.05049
15, 1455, 475837.032741, 4977096.94015
15, 1456, 475849.288155, 4977044.84985
15, 1457, 475862.563613, 4977003.9945
15, 1458, 475938.140442, 4976802.78297
15, 1459, 475973.886216, 4976750.69224
15, 1460, 475986.141631, 4976713.92217
15, 1461, 475998.396619, 4976667.95937
15, 1462, 476013.716845, 4976620.97652
15, 1463, 476016.779954, 4976567.86575
15, 1464, 476012.694674, 4976486.15547
15, 1465, 476008.609394, 4976375.84695
15, 1466, 475999.417088, 4976257.36617
15, 1467, 475988.183845, 4976158.2926
15, 1468, 475981.034179, 4976095.98953
15, 1469, 475968.778765, 4976046.96191
15, 1470, 475954.480711, 4976004.06392
15, 1471, 475936.097802, 4975967.29597
15, 1472, 475913.629613, 4975940.73867
15, 1473, 475881.969118, 4975904.99077
15, 1474, 475849.288155, 4975874.35032
15, 1475, 475811.499741, 4975843.70774
15, 1476, 475775.753966, 4975815.10993
15, 1477, 475736.945508, 4975787.53216
15, 1478, 475700.177137, 4975768.12708
15, 1479, 475662.39085, 4975748.71945
15, 1480, 475611.32485, 4975726.24913
15, 1481, 475565.366302, 4975713.99414
15, 1482, 475506.132295, 4975709.90674
15, 1483, 475480.599295, 4975706.84405
15, 1484, 475426.470612, 4975704.80141
15, 1485, 475371.319332, 4975718.079
15, 1486, 475347.831099, 4975732.37705
15, 1487, 475325.36291, 4975748.71945
15, 1488, 475288.594965, 4975774.25458
15, 1489, 475245.701227, 4975807.95984
15, 1490, 475167.061715, 4975855.96528
15, 1491, 475160.933795, 4975882.52046
15, 1492, 475158.89158, 4975907.03341
15, 1493, 475147.656209, 4975919.29053
15, 1494, 475136.421264, 4975919.29053
15, 1495, 475112.932606, 4975923.37581
15, 1496, 475080.24994, 4975921.33317
15, 1497, 475060.846563, 4975913.16091
15, 1498, 475028.163471, 4975886.60574
15, 1499, 475003.653068, 4975881.49828
15, 1500, 474992.419825, 4975881.49828
15, 1501, 474981.184879, 4975872.30768
15, 1502, 474961.779374, 4975865.15759
15, 1503, 474931.14105, 4975867.20023
15, 1504, 474885.182501, 4975882.52046
15, 1505, 474836.161269, 4975910.09822
15, 1506, 474820.841044, 4975933.58858
15, 1507, 474813.69308, 4975961.16635
15, 1508, 474817.77836, 4976043.89923
15, 1509, 474827.991135, 4976080.66717
15, 1510, 474827.991135, 4976111.30975
15, 1511, 474824.925898, 4976138.88752
15, 1512, 474826.968538, 4976165.44269
15, 1513, 474827.991135, 4976193.02046
15, 1514, 474819.820575, 4976216.51082
15, 1515, 474797.350684, 4976257.36617
15, 1516, 474775.904666, 4976308.43643
15, 1517, 474760.58444, 4976346.22655
15, 1518, 474751.393837, 4976392.18722
15, 1519, 474749.349495, 4976444.27965
15, 1520, 474749.349495, 4976487.17551
15, 1521, 474752.414306, 4976538.24577
15, 1522, 474757.521757, 4976613.82643
15, 1523, 474767.734531, 4976672.04677
15, 1524, 474782.03216, 4976740.47734
15, 1525, 474790.20272, 4976778.27001
15, 1526, 474806.542989, 4976810.9531
15, 1527, 474811.65044, 4976830.36031
15, 1528, 474812.670909, 4976857.93595
15, 1529, 474827.991135, 4976894.70602
15, 1530, 474848.416684, 4976934.54133
15, 1531, 474870.884447, 4976971.30928
15, 1532, 474890.289952, 4977005.01454
15, 1533, 474921.950447, 4977035.65712
15, 1534, 474928.078367, 4977056.0848
15, 1535, 474947.481745, 4977073.44766
15, 1536, 474968.929465, 4977090.8101
15, 1537, 474976.077428, 4977106.13246
15, 1538, 474981.184879, 4977121.45268
15, 1539, 474996.505105, 4977134.73027
15, 1540, 475012.845374, 4977149.03045
15, 1541, 475030.206111, 4977192.94849
15, 1542, 475061.866606, 4977223.59107
15, 1543, 475091.484886, 4977237.88912
15, 1544, 475126.208489, 4977256.27416
15, 1545, 475163.996904, 4977279.76664
15, 1546, 475197.700038, 4977301.21436
15, 1547, 475243.658587, 4977326.74949
15, 1548, 475291.659776, 4977351.26245
15, 1549, 475333.533045, 4977376.79715
15, 1550, 475367.234052, 4977399.26747
15, 1551, 475395.832288, 4977413.56765
15, 1552, 475448.9388, 4977425.82306
15, 1553, 475505.110124, 4977429.91005
15, 1554, 475558.218338, 4977428.88788
15, 1555, 475608.262167, 4977422.75996
15, 1556, 475648.091094, 4977409.48024
15, 1557, 475686.901679, 4977379.86239
15, 1558, 475723.667923, 4977352.28462
15, 1559, 475731.838057, 4977351.26245
15, 1560, 475742.050832, 4977354.32726
15, 1561, 475748.178326, 4977359.43471
15, 1562, 475756.348461, 4977371.69013
15, 1563, 475764.519021, 4977366.58438
16, 1565, 474768.754575, 4976788.48279
16, 1566, 474756.49916, 4976741.49994
16, 1567, 474749.349495, 4976703.7094
16, 1568, 474743.221575, 4976656.72655
16, 1569, 474730.96616, 4976541.31058
16, 1570, 474727.903477, 4976509.64796
16, 1571, 474727.903477, 4976482.07019
16, 1572, 474661.519379, 4976482.07019
16, 1573, 474658.454568, 4976491.26292
16, 1574, 474626.794074, 4976491.26292
16, 1575, 474620.666154, 4976503.51791
16, 1576, 474566.53747, 4976503.51791
16, 1577, 474565.517001, 4976399.33731
16, 1578, 474552.239416, 4976400.35948
16, 1579, 474552.239416, 4976380.9544
16, 1580, 474565.517001, 4976380.9544
16, 1581, 474564.49483, 4976306.39166
16, 1582, 474629.858885, 4976306.39166
16, 1583, 474619.64611, 4976277.79385
16, 1584, 474614.538659, 4976262.47362
16, 1585, 474612.496019, 4976253.28089
16, 1586, 474605.348056, 4976205.27587
16, 1587, 474609.433336, 4976151.14251
16, 1588, 474617.60347, 4976112.3298
16, 1589, 474627.816245, 4976095.98953
16, 1590, 474644.156514, 4976084.75458
16, 1591, 474553.262012, 4976085.77463
16, 1592, 474547.134092, 4976084.75458
16, 1593, 474545.091452, 4976076.58232
16, 1594, 474544.069281, 4975896.82064
16, 1595, 474472.57986, 4975895.79804
16, 1596, 474472.57986, 4975823.28007
16, 1597, 474494.025452, 4975822.26002
16, 1598, 474493.005409, 4975697.65132
16, 1599, 474493.005409, 4975682.3311
16, 1600, 474441.939409, 4975671.09615
16, 1601, 474339.810388, 4975674.15883
16, 1602, 474240.744476, 4975676.20147
16, 1603, 474199.892101, 4975676.20147
16, 1604, 474139.635923, 4975677.22365
16, 1605, 474062.017561, 4975680.28675
16, 1606, 474036.484561, 4975684.37374
16, 1607, 474039.548393, 4975891.71319
16, 1608, 474041.591969, 4976153.18515
16, 1609, 474043.634524, 4976370.7395
16, 1610, 474042.613247, 4976376.867
16, 1611, 474041.591969, 4976387.0819
16, 1612, 474037.505838, 4976397.29467
16, 1613, 474031.378174, 4976438.15003
16, 1614, 474030.356896, 4976495.34778
16, 1615, 474036.484561, 4976736.39249
16, 1616, 474037.505838, 4976895.72862
16, 1617, 474135.550643, 4976894.70602
16, 1618, 474152.912232, 4976898.7913
16, 1619, 474354.108442, 4976896.74866
16, 1620, 474469.515049, 4976893.68598
16, 1621, 474488.920129, 4976891.64334
16, 1622, 474510.366147, 4976887.55636
16, 1623, 474537.941787, 4976886.53589
16, 1624, 474537.941787, 4976839.55304
16, 1625, 474583.900336, 4976838.53045
16, 1626, 474581.857696, 4976826.27333
16, 1627, 474579.815056, 4976812.99574
16, 1628, 474577.772416, 4976804.82518
16, 1629, 474573.687561, 4976792.56807
16, 1630, 474595.135281, 4976791.5476
16, 1631, 474688.072848, 4976789.50496
16, 1632, 474768.754575, 4976788.48279
17, 1634, 474727.903477, 4976482.07019
17, 1635, 474726.881306, 4976399.33731
17, 1636, 474729.946117, 4976359.50413
17, 1637, 474736.073611, 4976329.88415
17, 1638, 474744.244171, 4976306.39166
17, 1639, 474775.904666, 4976237.96067
17, 1640, 474784.0748, 4976203.23323
17, 1641, 474785.095269, 4976179.74075
17, 1642, 474785.095269, 4976163.40005
17, 1643, 474783.052629, 4976146.03548
17, 1644, 474772.839855, 4976117.43725
17, 1645, 474754.456946, 4976082.70981
17, 1646, 474644.156514, 4976084.75458
17, 1647, 474627.816245, 4976095.98953
17, 1648, 474617.60347, 4976112.3298
17, 1649, 474609.433336, 4976151.14251
17, 1650, 474605.348056, 4976205.27587
17, 1651, 474612.496019, 4976253.28089
17, 1652, 474614.538659, 4976262.47362
17, 1653, 474619.64611, 4976277.79385
17, 1654, 474629.858885, 4976306.39166
17, 1655, 474564.49483, 4976306.39166
17, 1656, 474565.517001, 4976380.9544
17, 1657, 474552.239416, 4976380.9544
17, 1658, 474552.239416, 4976400.35948
17, 1659, 474565.517001, 4976399.33731
17, 1660, 474566.53747, 4976503.51791
17, 1661, 474620.666154, 4976503.51791
17, 1662, 474626.794074, 4976491.26292
17, 1663, 474658.454568, 4976491.26292
17, 1664, 474661.519379, 4976482.07019
17, 1665, 474727.903477, 4976482.07019
18, 1667, 476802.158437, 4975183.89757
18, 1668, 475724.690094, 4975184.91974
18, 1669, 475716.517832, 4975211.47492
18, 1670, 475706.305057, 4975235.98787
18, 1671, 475689.964363, 4975274.80059
18, 1672, 475688.944319, 4975292.16345
18, 1673, 475688.944319, 4975322.80603
18, 1674, 475684.859039, 4975338.12626
18, 1675, 475679.751588, 4975345.27592
18, 1676, 475671.581454, 4975353.44648
18, 1677, 475651.155905, 4975363.66138
18, 1678, 475627.665545, 4975371.83152
18, 1679, 475646.048454, 4975499.50248
18, 1680, 475677.708948, 4975612.8758
18, 1681, 475757.371057, 4975721.14168
18, 1682, 475845.202875, 4975786.50999
18, 1683, 475914.650082, 4975855.96528
18, 1684, 475973.886216, 4975926.44062
18, 1685, 476015.759485, 4976021.42891
18, 1686, 476017.802125, 4976065.34695
18, 1687, 476013.716845, 4976075.56185
18, 1688, 476100.526917, 4976075.56185
18, 1689, 476357.893174, 4976074.53968
18, 1690, 476757.220357, 4976068.41176
18, 1691, 476802.158437, 4976069.43223
18, 1692, 476802.158437, 4975183.89757
19, 1694, 475943.245765, 4975659.86121
19, 1695, 475891.161424, 4975623.09071
19, 1696, 475856.436118, 4975600.62082
19, 1697, 475833.967929, 4975589.38544
19, 1698, 475807.414461, 4975593.47072
19, 1699, 475775.753966, 4975590.40591
19, 1700, 475745.115643, 4975571.00041
19, 1701, 475724.690094, 4975549.55056
19, 1702, 475703.241948, 4975510.73785
19, 1703, 475698.134923, 4975478.05476
19, 1704, 475707.327228, 4975457.62708
19, 1705, 475717.540003, 4975443.32732
19, 1706, 475743.073003, 4975420.85701
19, 1707, 475764.519021, 4975425.96446
19, 1708, 475778.818777, 4975425.96446
19, 1709, 475803.329606, 4975430.04931
19, 1710, 475830.903118, 4975452.51963
19, 1711, 475860.520973, 4975455.58444
19, 1712, 475876.861667, 4975453.5418
19, 1713, 475932.012522, 4975457.62708
19, 1714, 475960.608631, 4975470.90466
19, 1715, 475969.800936, 4975482.14004
19, 1716, 475975.928856, 4975496.43979
19, 1717, 475973.886216, 4975529.12288
19, 1718, 475973.886216, 4975575.08569
19, 1719, 475974.906259, 4975613.8984
19, 1720, 475966.736125, 4975640.45357
19, 1721, 475954.480711, 4975654.75375
19, 1722, 475943.245765, 4975659.86121
20, 1724, 476013.716845, 4976075.56185
20, 1725, 476017.802125, 4976065.34695
20, 1726, 476015.759485, 4976021.42891
20, 1727, 475973.886216, 4975926.44062
20, 1728, 475914.650082, 4975855.96528
20, 1729, 475845.202875, 4975786.50999
20, 1730, 475757.371057, 4975721.14168
20, 1731, 475677.708948, 4975612.8758
20, 1732, 475646.048454, 4975499.50248
20, 1733, 475627.665545, 4975371.83152
20, 1734, 475572.516393, 4975260.50083
20, 1735, 475543.918582, 4975280.92808
20, 1736, 475463.236429, 4975280.92808
20, 1737, 475409.107746, 4975275.82105
20, 1738, 475396.852332, 4975290.12081
20, 1739, 475372.341503, 4975353.44648
20, 1740, 475366.214008, 4975370.80892
20, 1741, 475363.149197, 4975387.15174
20, 1742, 475357.021277, 4975421.87918
20, 1743, 475362.128728, 4975457.62708
20, 1744, 475370.299288, 4975474.98994
20, 1745, 475391.747008, 4975503.58988
20, 1746, 475419.32052, 4975534.23033
20, 1747, 475434.640746, 4975547.50792
20, 1748, 475478.556655, 4975585.30059
20, 1749, 475517.365113, 4975620.0259
20, 1750, 475584.771807, 4975658.83861
20, 1751, 475660.346508, 4975687.43642
20, 1752, 475707.327228, 4975707.8641
20, 1753, 475738.987723, 4975728.29177
20, 1754, 475823.755155, 4975793.66008
20, 1755, 475892.181893, 4975849.83524
20, 1756, 475919.757533, 4975877.413
20, 1757, 475957.545522, 4975923.37581
20, 1758, 475981.034179, 4975968.31602
20, 1759, 475999.417088, 4976016.32146
20, 1760, 476013.716845, 4976075.56185
21, 1762, 474689.092891, 4975929.5033
21, 1763, 474690.115062, 4975925.41845
21, 1764, 474688.072848, 4975918.26836
21, 1765, 474677.860074, 4975894.778
21, 1766, 474673.774794, 4975893.7554
21, 1767, 474666.624702, 4975895.79804
21, 1768, 474663.562019, 4975899.88332
21, 1769, 474664.582062, 4975906.01294
21, 1770, 474666.624702, 4975915.20567
21, 1771, 474669.689514, 4975924.39798
21, 1772, 474670.709982, 4975930.5259
21, 1773, 474670.709982, 4975938.69603
21, 1774, 474668.667342, 4975948.91094
21, 1775, 474666.624702, 4975962.18852
21, 1776, 474665.604659, 4975981.59403
21, 1777, 474667.647299, 4975992.82897
21, 1778, 474671.732154, 4976003.04388
21, 1779, 474675.817434, 4976010.19397
21, 1780, 474677.860074, 4976016.32146
21, 1781, 474678.880117, 4976026.53424
21, 1782, 474678.880117, 4976033.68433
21, 1783, 474680.922757, 4976040.83442
21, 1784, 474681.944928, 4976045.94187
21, 1785, 474689.092891, 4976054.112
21, 1786, 474694.200342, 4976056.15464
21, 1787, 474700.327837, 4976055.13417
21, 1788, 474707.477928, 4976052.06936
21, 1789, 474711.563208, 4976045.94187
21, 1790, 474711.563208, 4976042.87663
21, 1791, 474711.563208, 4976038.79178
21, 1792, 474710.540611, 4976030.61952
21, 1793, 474709.520568, 4976018.3641
21, 1794, 474691.135531, 4975974.44394
21, 1795, 474689.092891, 4975968.31602
21, 1796, 474689.092891, 4975962.18852
21, 1797, 474689.092891, 4975946.8683
21, 1798, 474689.092891, 4975929.5033
22, 1800, 474663.562019, 4975862.09278
22, 1801, 474665.604659, 4975862.09278
22, 1802, 474667.647299, 4975862.09278
22, 1803, 474671.732154, 4975860.05014
22, 1804, 474673.774794, 4975859.02797
22, 1805, 474676.837477, 4975853.92264
22, 1806, 474681.944928, 4975845.75038
22, 1807, 474688.072848, 4975833.49497
22, 1808, 474695.220386, 4975821.23743
22, 1809, 474698.285622, 4975813.06729
22, 1810, 474699.307794, 4975804.89503
22, 1811, 474703.393074, 4975799.78971
22, 1812, 474708.498397, 4975794.68225
22, 1813, 474715.648062, 4975790.59697
22, 1814, 474736.073611, 4975784.46735
22, 1815, 474745.264215, 4975781.40467
22, 1816, 474747.306855, 4975778.33986
22, 1817, 474753.436477, 4975773.23241
22, 1818, 474756.49916, 4975770.1693
22, 1819, 474756.49916, 4975766.08444
22, 1820, 474755.479117, 4975755.86954
22, 1821, 474755.479117, 4975752.80473
22, 1822, 474757.521757, 4975747.69941
22, 1823, 474760.58444, 4975746.67681
22, 1824, 474763.649251, 4975745.65677
22, 1825, 474771.819386, 4975746.67681
22, 1826, 474777.947306, 4975748.71945
22, 1827, 474783.052629, 4975750.76209
22, 1828, 474788.16008, 4975748.71945
22, 1829, 474791.222764, 4975747.69941
22, 1830, 474804.500349, 4975739.52714
22, 1831, 474812.670909, 4975731.35658
22, 1832, 474812.670909, 4975729.31437
22, 1833, 474811.65044, 4975725.22909
22, 1834, 474807.563458, 4975721.14168
22, 1835, 474785.095269, 4975712.97155
22, 1836, 474768.754575, 4975708.88669
22, 1837, 474756.49916, 4975710.92891
22, 1838, 474753.436477, 4975715.01419
22, 1839, 474748.329026, 4975722.16428
22, 1840, 474744.244171, 4975725.22909
22, 1841, 474739.13672, 4975725.22909
22, 1842, 474728.923946, 4975723.18432
22, 1843, 474717.690702, 4975723.18432
22, 1844, 474701.350434, 4975727.27173
22, 1845, 474682.965397, 4975732.37705
22, 1846, 474680.922757, 4975735.44186
22, 1847, 474683.987568, 4975738.50668
22, 1848, 474689.092891, 4975744.6346
22, 1849, 474692.157702, 4975750.76209
22, 1850, 474694.200342, 4975755.86954
22, 1851, 474695.220386, 4975759.95482
22, 1852, 474694.200342, 4975766.08444
22, 1853, 474690.115062, 4975781.40467
22, 1854, 474687.050251, 4975786.50999
22, 1855, 474682.965397, 4975790.59697
22, 1856, 474670.709982, 4975797.74707
22, 1857, 474668.667342, 4975799.78971
22, 1858, 474667.647299, 4975804.89503
22, 1859, 474667.647299, 4975812.04512
22, 1860, 474667.647299, 4975823.28007
22, 1861, 474666.624702, 4975829.40969
22, 1862, 474663.562019, 4975840.64506
22, 1863, 474661.519379, 4975848.81519
22, 1864, 474662.539848, 4975856.98533
22, 1865, 474663.562019, 4975862.09278
23, 1867, 475943.245765, 4975659.86121
23, 1868, 475954.480711, 4975654.75375
23, 1869, 475966.736125, 4975640.45357
23, 1870, 475974.906259, 4975613.8984
23, 1871, 475973.886216, 4975575.08569
23, 1872, 475973.886216, 4975529.12288
23, 1873, 475975.928856, 4975496.43979
23, 1874, 475969.800936, 4975482.14004
23, 1875, 475960.608631, 4975470.90466
23, 1876, 475932.012522, 4975457.62708
23, 1877, 475876.861667, 4975453.5418
23, 1878, 475860.520973, 4975455.58444
23, 1879, 475830.903118, 4975452.51963
23, 1880, 475803.329606, 4975430.04931
23, 1881, 475778.818777, 4975425.96446
23, 1882, 475764.519021, 4975425.96446
23, 1883, 475743.073003, 4975420.85701
23, 1884, 475717.540003, 4975443.32732
23, 1885, 475707.327228, 4975457.62708
23, 1886, 475698.134923, 4975478.05476
23, 1887, 475703.241948, 4975510.73785
23, 1888, 475724.690094, 4975549.55056
23, 1889, 475745.115643, 4975571.00041
23, 1890, 475775.753966, 4975590.40591
23, 1891, 475807.414461, 4975593.47072
23, 1892, 475833.967929, 4975589.38544
23, 1893, 475856.436118, 4975600.62082
23, 1894, 475891.161424, 4975623.09071
23, 1895, 475943.245765, 4975659.86121
24, 1897, 476402.831254, 4974920.38255
24, 1898, 476384.446217, 4974934.6806
24, 1899, 476336.445028, 4974963.28054
24, 1900, 476283.338516, 4974988.81354
24, 1901, 476223.082338, 4975014.34867
24, 1902, 476188.358735, 4975026.60621
24, 1903, 476132.187412, 4975041.92643
24, 1904, 476087.248906, 4975052.13904
24, 1905, 476033.120223, 4975062.35394
24, 1906, 475983.076394, 4975068.48161
24, 1907, 475930.990351, 4975067.46135
24, 1908, 475871.756344, 4975064.3965
24, 1909, 475805.372246, 4975058.26879
24, 1910, 475796.179515, 4975061.3316
24, 1911, 475788.009381, 4975066.43905
24, 1912, 475753.285777, 4975083.80179
24, 1913, 475629.708185, 4975195.13252
24, 1914, 475624.602862, 4975197.17516
24, 1915, 475624.602862, 4975201.26044
24, 1916, 475620.517582, 4975203.30478
24, 1917, 475607.239996, 4975214.54015
24, 1918, 475572.516393, 4975260.50083
24, 1919, 475627.665545, 4975371.83152
24, 1920, 475651.155905, 4975363.66138
24, 1921, 475671.581454, 4975353.44648
24, 1922, 475679.751588, 4975345.27592
24, 1923, 475684.859039, 4975338.12626
24, 1924, 475688.944319, 4975322.80603
24, 1925, 475688.944319, 4975292.16345
24, 1926, 475689.964363, 4975274.80059
24, 1927, 475706.305057, 4975235.98787
24, 1928, 475716.517832, 4975211.47492
24, 1929, 475724.690094, 4975184.91974
24, 1930, 476802.158437, 4975183.89757
24, 1931, 476802.158437, 4974920.38255
24, 1932, 476402.831254, 4974920.38255
25, 1934, 475550.048204, 4974920.38255
25, 1935, 475552.088716, 4974933.66056
25, 1936, 475573.536862, 4975068.48161
25, 1937, 475572.516393, 4975074.60927
25, 1938, 475576.601673, 4975077.67412
25, 1939, 475587.83449, 4975108.31666
25, 1940, 475578.643887, 4975171.64216
25, 1941, 475572.516393, 4975260.50083
25, 1942, 475607.239996, 4975214.54015
25, 1943, 475620.517582, 4975203.30478
25, 1944, 475624.602862, 4975201.26044
25, 1945, 475624.602862, 4975197.17516
25, 1946, 475629.708185, 4975195.13252
25, 1947, 475753.285777, 4975083.80179
25, 1948, 475788.009381, 4975066.43905
25, 1949, 475796.179515, 4975061.3316
25, 1950, 475805.372246, 4975058.26879
25, 1951, 475871.756344, 4975064.3965
25, 1952, 475930.990351, 4975067.46135
25, 1953, 475983.076394, 4975068.48161
25, 1954, 476033.120223, 4975062.35394
25, 1955, 476087.248906, 4975052.13904
25, 1956, 476132.187412, 4975041.92643
25, 1957, 476188.358735, 4975026.60621
25, 1958, 476223.082338, 4975014.34867
25, 1959, 476283.338516, 4974988.81354
25, 1960, 476336.445028, 4974963.28054
25, 1961, 476384.446217, 4974934.6806
25, 1962, 476402.831254, 4974920.38255
25, 1963, 476346.657803, 4974920.38255
25, 1964, 476292.52912, 4974956.13045
25, 1965, 476168.95323, 4975004.13589
25, 1966, 476060.695863, 4975026.60621
25, 1967, 475920.777576, 4975035.79851
25, 1968, 475836.010569, 4975035.79851
25, 1969, 475747.158283, 4975009.24122
25, 1970, 475688.944319, 4974974.51548
25, 1971, 475653.198545, 4974951.023
25, 1972, 475630.730356, 4974920.38255
25, 1973, 475550.048204, 4974920.38255
